0.50309    3068.244751555419    178.138086779998
0.4948    2992.540247058188    162.16452904658192
0.67767    5099.64564884115    482.93317917204166
0.8665    5879.900811624018    470.8348802600449
0.79857    5916.9786195871975    475.1665774029078
0.37144    2278.085396250557    130.63612362236933
0.35582    2050.359430122013    119.41881774187047
0.2836    1519.9524438973567    71.96926183375778
0.4664    3493.574427925599    255.37057854445166
0.94688    6057.731221560166    458.1493623068306
0.69315    4563.415361483084    513.811683283757
0.89693    6033.231640745108    462.5489858808918
0.78904    5543.193001349775    295.7876055804546
0.59027    3690.455730160851    283.1906632913939
0.21075    1069.0302636077724    51.82460947371713
0.85852    5305.667136307834    361.1922038249447
0.55875    3411.614880405748    209.78054015763746
0.9964    6917.194699274602    448.59723089081217
0.58294    3704.844632579138    214.6715908709566
0.79656    4686.946540843168    342.8186431819232
0.91348    5967.466642144211    377.5222888432925
0.94846    6813.182151090242    474.01781410255654
0.73362    4673.260602963753    335.25247210268503
0.7656    5267.566172116105    375.8247276279974
0.98341    7338.376673335388    517.1486132479567
0.70064    4465.190581442169    357.44868667897134
0.83814    5381.458555867273    447.90105581742665
0.3706    2128.237052664248    118.71021095996119
0.35858    1958.528970491198    106.98887543565795
0.52278    3402.749665771621    222.00896516610698
0.70198    4388.337287003648    530.6839539361133
0.74613    4582.684934865584    347.54069772649984
0.59185    3536.551607887189    205.65312841234595
0.62063    4002.0268681051252    208.48102738330687
1.00279    8240.622125829635    726.2939059639168
0.61064    3937.585526386287    241.0343366399733
0.35833    1967.3426177451154    103.52855261204097
0.45155    2416.4621666791672    139.29476261764893
0.5526    3140.725640024281    194.20849735000343
0.75068    4493.657830540868    396.46612851691157
0.82269    5849.516899417521    394.0395445162376
0.95076    6871.159026599502    458.42936953235323
0.34052    1946.5250631612114    94.63290482391629
0.81072    5198.762768142824    408.390524843173
0.61124    4444.674894274543    326.1217089290447
0.54831    3009.6777664650485    199.34383989382064
1.02879    7011.0005309267235    517.1670851538576
0.42244    2351.5271644036025    129.10711870137646
0.70115    4805.626347230158    399.53160494392506
0.68517    4664.445252037798    499.72795416641065
0.93189    6450.449804042703    452.64360833370426
0.74909    4593.143352424695    386.62623409017533
0.4684    2795.825103091733    151.76216745674554
0.95886    7266.57900955255    577.1877860208936
0.84053    5552.774027070624    372.38768357608694
0.56276    3536.3887474169665    191.47257023743296
0.82854    6019.632800979704    423.1053016768291
0.57875    3507.437976851867    194.91320371244606
0.8645    5941.006123336995    400.2025102348191
0.85851    6149.502749178207    468.3474207729895
0.58575    4110.3613193191295    268.271034435228
0.48881    2972.076610933549    155.5114121227448
0.68866    4194.111770843148    293.24843643452374
0.32454    1814.3873111451157    85.45101984124928
0.18538    979.8509093355217    46.9597761657959
0.68196    4163.993088631922    284.62158614698126
0.92223    5902.010801718454    464.3140227363756
0.42866    2819.6811434707    168.057620427929
0.69998    4903.54313487232    486.2705446936476
0.57584    3775.6349710452487    240.7725063980035
0.51176    3331.271275154696    178.7556834976735
0.64191    4210.270508401203    321.72167390453563
0.35157    2215.3380149126433    115.91570074637154
0.34957    2132.504714645213    108.68393445873198
0.35527    2224.9999215274047    115.80635091567406
0.87217    5861.921523202216    359.6401403377805
0.92624    7140.687050574264    359.6521998083242
0.41957    2619.328690755144    145.92167505063205
0.89073    5446.0296317638295    353.3139498357906
0.48057    2851.280868083428    151.160826298295
0.5806    3746.0192086633083    277.4469647596594
0.80569    5237.81313004197    375.149461156935
0.66464    4233.894187185961    314.1662108477361
0.74566    5028.865264800243    353.6982985656597
0.73669    4525.744163376383    291.6296308549976
0.37053    2037.7457686301284    106.01325493145562
0.85073    5804.034696708252    348.60332492201826
0.21946    1173.221464630374    55.281468016075145
0.64764    4218.71318228277    313.42836776079827
0.6006    3805.747756207483    270.91493222149165
0.7607    4842.281131968146    334.44168567321
0.47057    2889.3489815590838    162.4948486046365
0.49737    3058.440246510545    186.3028996300296
0.50736    3119.607817646763    180.0424875092548
0.58728    3879.269929770954    251.13357760265907
0.69915    4526.994845481979    326.01067366836406
0.76108    5138.424739870423    379.5097150818052
0.78805    5264.77723623475    335.0077259705936
0.40547    2587.021273464604    131.61023174070866
0.80804    6478.433422904078    487.7293137336731
0.58328    4184.272884124789    249.67861751493155
0.72013    5064.306709811227    451.0120132987255
0.83699    5768.727174871735    379.16470763364293
0.80603    5634.819385003912    476.7745774642158
0.50074    3236.6817570165304    202.67638316946255
0.53378    3068.315401315068    235.30880129531243
0.82212    5414.021798003741    461.95763603973694
0.12531    621.8419262603614    29.658831512438354
0.44368    2599.1419572733994    161.49752956666524
0.68366    4884.498718528625    653.5669318836196
0.72668    4786.411133146784    358.9122935785821
0.40455    2450.4734418221005    121.33396723510039
0.69065    4472.393421575258    378.5221353333773
0.57661    3537.8547616843266    200.26996250718832
0.72068    4734.673110719123    442.48237922035753
0.55031    3416.88214984331    196.56960818540676
0.84797    5782.291742660351    452.0991771396235
0.43544    2362.3813206284303    118.6042991546786
0.30158    1692.3492762056237    73.19468159464712
0.58073    4024.4820991957245    254.32440961084632
0.34593    2104.020660153256    107.57142268339143
0.33094    1805.4272784974714    88.85430210825368
0.44956    2869.3927721041086    186.8141406359834
0.29172    1564.6960996849273    90.33962259758988
0.46127    2666.18327646704    169.163063361134
0.63222    4286.768196252852    403.68354640762635
0.26862    1365.3374415011097    62.447230457652324
0.92491    7052.124973499711    624.6305450852799
0.62522    3908.6789505752427    234.58397945993482
0.60825    3761.317546793012    219.3297983358922
0.57828    3527.442961723371    225.75765470419157
0.71963    4624.342580461065    438.13528000966744
0.7666    5615.778890173977    412.0498016604914
0.36791    2233.109401678624    104.81130240310247
0.84852    5839.154949932393    399.5274190744176
0.7766    5234.075705855672    429.9689034253888
0.58375    3578.656382063847    163.43183319771896
0.58873    3632.2020566982806    217.5726443643454
0.76859    5515.183922003195    428.9285936890483
0.5138    3353.435827903138    205.2763488759474
0.63771    3749.7300224548417    402.24756349901486
0.43487    2584.9967415990386    136.3293676561692
0.58375    3914.8037891327294    252.89299719475358
0.66206    4464.265344000868    369.1980028625729
0.62189    3820.8501023311073    286.50904310136764
0.41664    2529.7639532700255    136.9703504967942
0.45169    2357.925070029219    149.55050155507658
0.73401    5125.190352822157    567.8574068344531
0.74202    5656.528765345705    560.5511966758176
0.34957    1770.1089583174166    97.83746234412024
0.51476    3448.974631654165    215.2549904285576
0.64364    4183.213207449744    374.3749090511677
0.47058    2694.0769737642836    160.3852721444709
0.26349    1352.165964284059    67.20094469580275
0.7427    4836.264000832322    442.95491907807263
0.91075    6642.323145918285    500.6796538112802
0.33753    1917.520430944524    94.10601596303425
0.98377    7666.727017772792    508.15327342516673
0.81369    5666.958079200226    368.168835714991
0.81773    5869.755345477242    326.7311853705259
0.96075    6527.095995324997    474.1061915159436
0.75669    5104.227229221327    372.16441787967005
0.87796    6085.972701388802    401.5582605116995
0.80902    5515.564910570437    423.75026219449836
0.62723    3825.4277151672813    243.1548967736349
0.93389    7129.515212155249    659.7264105797884
0.69715    4534.506199563105    338.2477263162642
0.76706    5983.840378224888    492.11181060446387
0.86397    6015.199005290083    423.4863111617262
0.51434    3144.054024906017    169.79573803395814
0.47039    3312.0737601979695    215.101305526553
0.9279    7174.307712173981    604.3905135843796
0.63071    3818.035832877399    251.82970202206084
0.6157    4104.40303427191    270.9069357860225
0.56475    3612.601018238983    226.215909742669
0.55775    3547.1536421435503    220.40217872537096
0.73561    5174.280877540808    457.70772795010663
0.26199    1354.1600586294699    67.4871665091122
0.76159    4956.213427935413    352.5833877128941
0.85852    6439.468157508823    529.2860965010512
0.55875    4180.420800599915    292.0023511176961
0.48072    2816.242187739858    147.61693906038494
0.92224    6521.537561675433    562.4653326199676
0.47572    2748.14725516256    137.9718322043384
0.8932    6540.6362949861295    475.08971311711537
0.6319    3406.7479244608676    277.81767004388195
0.73602    5077.9684707577    493.042708124614
0.41865    2383.6912374716403    126.4813267944312
0.53578    3138.4123202146807    183.00697367986564
0.73501    5228.173602753977    429.2432477246269
0.60987    4063.871808228388    278.2459471014248
0.70198    4653.074435256777    353.09320248386
0.9833    7181.083886363988    472.98783504247314
0.75905    5142.093863891854    359.1752049719074
0.64364    4177.34168724878    387.3180248848484
0.51559    3196.9069811509044    259.4536816422904
0.80569    5044.057166758633    302.2603843042743
0.8007    4618.596264837231    341.6484655971949
0.71565    4664.337850453264    417.3255372037217
0.76668    5573.653933495654    463.64083531931857
0.90173    6346.8758025413745    441.72135729169923
0.71868    4343.40173006073    301.9861678249185
0.5796    3432.258585132584    189.23352702615455
0.96074    7275.284817019015    477.6845064167875
0.64864    4048.83426761057    296.5179971221671
0.93675    6227.876617050758    403.03267575880784
0.46156    2834.8494511889035    145.13207369973722
0.67065    4539.3116437854305    371.11823240514354
0.24649    1355.532704107714    67.461921177473
0.63822    3962.871589994347    335.8549524006569
0.53532    3265.051230571108    166.70538585539666
0.77307    5435.130798365211    441.22799455938656
0.3705    2140.474212444346    102.82962264086959
0.69916    4762.006676879949    379.0161115840923
0.3735    2100.7288510207427    100.533194142258
0.85298    5768.195879931212    400.65011816228446
0.60326    4145.8157777043025    272.876516576395
0.53433    3051.1249972018245    181.14937959136853
0.40048    2249.1581810128464    119.2392559158869
0.3715    2189.1221738029103    108.34287439110153
0.83999    5070.607564681809    354.41543987137794
0.53278    3249.376236187614    170.39504775607548
0.93225    6931.065451499368    670.8931041737719
0.55381    3603.7943494795104    206.1605335293866
0.84214    5823.981677529819    498.4133234925295
0.72767    4717.805148587118    429.932215027251
0.44255    2720.0068640769423    142.44735787321957
0.28251    1640.2875932277611    81.06691674178784
0.51961    3219.066881694264    161.6145404222132
1.0608    6877.9656098708265    520.0257160686524
0.26849    1410.74980853422    68.29307212632156
0.2505    1365.4003190616997    70.05983730732382
0.69816    4554.912095373566    455.4741741661199
0.73012    4504.846528653055    396.6233112663057
0.99781    6644.1587412145245    291.6465438941849
0.40946    2455.839611248702    123.23985203233853
0.12679    643.5465997390845    35.46636151343474
0.25577    1468.5204543830523    122.96961477031
0.08859    425.2947287976645    20.774214258529863
0.11782    547.8857437110436    25.008496799132686
0.18356    909.9551766518717    53.81569550057541
0.14055    748.5141246454838    40.11347823619244
0.15171    722.2041837853292    34.34582825806971
0.094    476.2116327398198    22.55943557640999
0.28631    1724.0108709840263    119.42954283915648
0.26318    1484.294232766165    97.73004378034905
0.14167    723.3525220198163    34.88354517095168
0.16053    770.1582996927225    41.0073559241269
0.1229    601.1183698856408    32.2974828844019
0.1262    593.8954526835017    30.910951742180362
0.17331    852.4913872607701    38.97126014750184
0.16448    806.0277611464732    40.2070666887143
0.16018    766.6020918636603    38.9995552019448
0.24488    1184.758955004146    70.83185671280327
0.24805    1248.3891917684787    77.25233309323221
0.27511    1493.3100915521518    106.6462782975912
0.33015    1933.8375997572728    141.53629759341896
0.3307    1844.0385677197976    125.79083273160651
0.1604    789.2780042999204    39.82596571390852
0.21861    1185.7960518159362    73.37896881801355
0.12005    593.8407554097973    27.926703603252946
0.17818    1110.8872953664431    65.80136490840779
0.279    1585.7327655891306    96.8860360942964
0.18562    992.4988220686486    59.33741547633758
0.06641    314.499529452778    16.426952002358682
0.25769    1430.5399808200686    94.12482426142361
0.27946    1430.408229286148    92.10667505120612
0.2655    1294.7323519141469    77.58561914004444
0.18478    944.1695715678384    45.92380369253385
0.05715    270.0163112619111    13.332411790087724
0.32601    1716.5639991900027    115.75106894314038
0.10902    542.525305269486    25.700893954192832
0.20299    1096.5286919928699    69.79944616651076
0.37949    2125.6413999516003    136.58032482007016
0.21198    1091.013187233478    61.784916873186035
0.21327    1139.173831437707    71.56955286609234
0.14393    736.4614183350699    38.33119660922005
0.25218    1360.0660503742254    100.82655175004116
0.25641    1429.4204794824313    115.15259864139641
0.2186    1245.087863916053    96.63263871517519
0.07883    405.4525162436135    22.79301190722971
0.08328    445.4100376901036    23.80833794293516
0.17008    890.7995726198843    43.90234429691291
0.23643    1189.3508848160748    78.47450126350518
0.30538    1499.8920389319337    136.5465564845494
0.08286    401.40243251352734    19.505468823859587
0.18905    872.5292603875286    47.70398420960463
0.08162    400.1289735406978    19.213212993439136
0.25626    1416.7068702536826    105.35180552765173
0.12631    656.2208121670436    40.759128025446316
0.1028    539.9455919544808    35.887256992105954
0.1244    624.7122181782916    28.94689023790786
0.37003    2466.7776222306547    185.8819556299883
0.20192    948.8334787780293    50.14950236231215
0.18004    1087.6520932277056    71.81441563606664
0.16163    845.6292565362465    50.595638939321304
0.22644    1189.652166947437    77.26148412153451
0.29649    1545.1832795802006    102.91347112589301
0.24999    1381.1155022284959    84.63866653343354
0.14864    764.9446296851045    37.45305067082355
0.14711    716.4732823911071    34.106284826396696
0.2149    1381.5607930324363    94.37024545845075
0.14462    727.9809253128756    46.82576418290578
0.13226    768.8825418851651    47.20783492901453
0.2195    1259.244318296982    78.0690677828216
0.38447    2405.1933809261336    165.56550304899653
0.1742    931.5796650797562    47.84304370153453
0.17772    872.3484625636469    49.18077310727424
0.29911    1599.373883291527    95.84097654479446
0.1187    616.2401633870791    38.00620535839026
0.17685    887.0334553715617    43.30816661167898
0.24526    1496.373470837633    129.71301460968255
0.1959    1022.4686477805296    56.20777021166642
0.24832    1316.163976632349    80.38545192464763
0.30617    1800.5699588770178    133.81441609553002
0.24616    1353.2561205235347    81.37309035772043
0.13527    782.3840713198421    40.90155271886584
0.21028    1066.694362887543    65.59114304339131
0.23603    1351.8857803693547    76.68286841245506
0.17831    944.2130531846452    49.31817396246251
0.22043    1157.6839171510696    82.35725183043442
0.31468    1836.6229210120441    132.98310693813278
0.1846    1024.1180013919225    52.737038411117155
0.2611    1382.6746482532626    88.30063109493302
0.18122    875.56824047722    42.48625717024712
0.38003    2025.396242760015    140.4943649179386
0.1846    949.5765913638176    47.32397261767127
0.20824    1073.8163196504813    59.72292546734466
0.17746    927.3635031037481    55.12288539079312
0.31555    1751.2977914974688    123.86076397237136
0.24954    1359.9407894302697    78.1106743331643
0.20324    1071.9635048721561    59.02738096563896
0.12347    608.0789925545145    28.80634977137717
0.20314    1068.4888634547738    59.229767550549795
0.15352    840.4657110850906    40.628087259881944
0.33398    1936.3327904729585    141.9864814200617
0.19582    1013.257903589193    53.71792855425527
0.24943    1304.307525357358    86.78036647064309
0.1549    803.5631267830868    39.3438810296656
0.15625    789.8961553578266    45.82390600542679
0.15819    730.079241116745    41.61396918422363
0.309    1829.2792159322623    165.85911845007604
0.24828    1334.1971235365274    85.29692988000834
0.18484    918.64983210714    52.256568914565754
0.18353    1003.4136391780718    57.632888579015855
0.18212    946.0846582456677    59.98327160738194
0.17675    905.9203177227117    53.82742988625745
0.17748    821.0318407754606    45.814964259081606
0.0718    317.9947866330702    18.367137199888294
0.13796    680.095654637724    32.81315313061271
0.16941    984.0790811879989    59.69524082552683
0.24527    1106.5218648541454    74.94608692846504
0.14406    730.0120014301999    35.25513389598994
0.25163    1402.0386952228278    94.41289316547055
0.03743    179.5394952949026    9.642340952728226
0.27716    1888.6000637072868    178.7622284101049
0.28712    1423.5082878199364    97.76008647984654
0.19845    1052.0345432849824    67.33060002301988
0.16031    822.6403356587704    48.87914987997142
0.21053    1266.8348439018646    87.96324746200573
0.23753    1267.4767453776558    76.82805222199678
0.15499    848.2619762900697    46.084181547632355
0.0939    489.6773317178367    33.70775688994126
0.15253    826.2471985693917    43.21366214451357
0.25693    1428.301854235824    95.12884560522357
0.21231    1148.4973567242255    68.92842409068531
0.24583    1193.6857242468193    71.94285369435092
0.13679    712.8037896844223    36.36115487729743
0.32529    1909.9412125843014    159.14115308320396
0.10643    522.480396102648    24.65505049707792
0.4008    2297.0476272490746    169.49482596516998
0.1891    993.7565404474226    59.664357620796295
0.19731    970.599358633377    50.15991484660905
0.12783    649.1125411807652    39.46552321375758
0.12291    613.8326711947664    29.20614621879356
0.12687    658.6428778530804    31.444394773730703
0.21311    1084.6009987056452    71.3881557385459
0.21075    1110.19687362348    64.91673052485427
0.26826    1576.3766744063932    110.90858194937456
0.20431    1078.6238028999037    61.77883627161175
0.26991    1436.0845172486231    83.97241411144668
0.24162    1247.8144196561598    87.21729906700793
0.2908    1403.4598729211782    94.6702032781146
0.35306    1833.7916885153024    127.96363443711746
0.28509    1661.3074016732298    118.10834050466994
0.21929    1082.380600992643    76.47672703896022
0.17537    890.2869347288972    51.21726365080265
0.23517    1254.815862193904    84.26776153724548
0.15298    794.2002144571184    40.092624618172785
0.20982    1204.8972134680723    87.90814399330563
0.29121    1599.1529368866063    110.55913339376863
0.31353    1838.6539538640295    126.56681546633342
0.13672    704.7579765864372    36.94079143298813
0.29532    1795.394952949026    159.18959120070187
0.30369    1582.1585408495507    98.38020022856591
0.20532    1112.5255662093657    69.22919516004417
0.12175    586.4756698965787    26.486314503005406
0.17424    885.8904092726495    45.068141981338
0.24862    1382.1653459106137    89.0957188977837
0.2453    1327.944730720755    86.27342192591564
0.13816    741.1395679600756    39.90602265678183
0.24288    1275.2343427657945    69.01632024765618
0.24237    1370.5977041266242    95.92562511802387
0.31437    1487.1678905138688    93.84356566078426
0.2754    1547.7471037349162    109.07252434498625
0.30004    1527.8474722232047    111.78696178539937
0.21735    1198.9194340214274    86.5056219337537
0.20311    1034.3797266720373    59.81645217930037
0.19005    957.679078705189    68.45980386272988
0.29003    1493.7571600229562    105.37095951189174
0.22796    1166.4604011340518    80.83252136169469
0.31032    1555.786504753215    113.1862219629098
0.13712    840.4850637460708    44.1905950342584
0.08798    432.43416638063144    21.232500271922348
0.08534    421.2791834638395    20.510153984194083
0.19024    1070.8286938621864    58.32370209846314
0.09278    469.37504933932075    23.56516210210033
0.12891    657.6124095304823    38.75557849241525
0.26136    1359.439861008102    99.15211929688553
0.26132    1553.030553885973    127.93603240749037
0.1957    1055.4313740671034    62.83252104821854
0.14723    737.8192806552605    41.39245848958323
0.21154    1345.7673885272493    112.69063147449735
0.17972    912.7461295002067    47.61153071581281
0.1907    1092.848599373508    60.02640323591895
0.3385    1811.0898640234395    134.97161700353595
0.11762    607.9249951593082    29.667086281021476
0.28854    1606.5712837113504    121.2838255841737
0.26377    1424.2295752672612    102.95922234467336
0.24931    1500.8248086959134    97.40133888014407
0.22939    1190.9129011664836    69.71873269744258
0.08575    418.4080195674286    19.339324938110227
0.27631    1679.151957193042    147.3746839471076
0.36165    2162.121025066341    163.8210993119441
0.30006    1679.074631168241    127.80133833793418
0.11659    598.3151502797814    28.550498071474653
0.15474    734.8691229841813    35.3712350358607
0.2501    1444.2420979035437    87.97506863643073
0.25149    1386.1173512382463    80.82721954071056
0.12941    644.7925337537329    31.926579912549204
0.30894    1756.9928736350892    137.00956634905734
0.29859    1711.6304342219876    128.74196050783232
0.27057    1473.6013136257295    114.70718929446586
0.29318    1644.1824188215196    108.82550765709088
0.18988    984.0337637150286    53.70964526070634
0.12368    603.1981487654384    28.39453948024309
0.31262    1683.3328550366261    110.83529800761991
0.3088    1850.1630358596535    132.30173589270748
0.20244    1048.407212484277    66.47068423897102
0.21139    1059.1073939754874    62.246452858867976
0.1787    956.0926950198149    50.7313492215698
0.30317    1881.0485289187043    119.26146760060684
0.21432    1159.6848937333684    69.8669327566095
0.32007    1734.2831316946172    108.47850806026982
0.21791    1220.0004756607668    79.93485816545991
0.07523    362.87746585201063    17.023347594570765
0.2574    1493.5851947737995    103.1918011069218
0.18446    939.593491959209    56.542284007091176
0.11639    574.0503684116892    26.929914028469682
0.06481    298.7514349873411    15.260384624928278
0.10298    539.6224383211926    25.600659794346353
0.04437    192.67705515216772    10.64520883979046
0.16576    770.725982415519    43.14981090069647
0.16799    813.6919135325772    45.686473785981505
0.17043    840.9109350468112    55.212975856099106
0.12029    636.8101838354648    33.12990334769778
0.13855    714.4798743790278    43.04489746217861
0.23353    1213.7521158717618    85.36758009192046
0.24615    1271.920596474455    85.79723848550681
0.22259    1306.4115158630652    93.0279440943292
0.17893    904.0240827135048    51.00820283098543
0.19694    1038.3888114598738    55.81549616136736
0.22889    1255.7118712347144    83.02657645671135
0.26419    1551.3507500532667    118.97293388651003
0.1034    525.2789533159234    24.363709029859557
0.21313    1112.6792779142115    63.16563429394798
0.1568    774.1052270741234    39.363436581973666
0.24317    1411.789670459771    100.62933236258098
0.23823    1411.3021397807333    93.18406049632388
0.20827    1097.4632847820158    66.67434058522166
0.25085    1518.0287613395737    115.99795147577197
0.2251    1180.864318569863    70.46303592001627
0.28707    1551.7080028930452    102.1687531416461
0.32944    1700.8656092774268    111.98970311256346
0.24575    1335.365033327186    75.34596895793648
0.11981    676.6592140971602    44.25703122986758
0.32891    2198.0117008101047    212.14929788733124
0.21037    1035.881316356847    57.39837019796984
0.20284    1114.2432196136397    59.73885769745054
0.28403    1444.2420979035437    90.70246206863764
0.18046    846.2720547171081    41.18162077274525
0.26043    1453.9517683555403    101.85987706314386
0.14774    738.0061824083737    34.77439375124948
0.32753    1824.021696922945    116.40200573365526
0.24177    1475.842457129929    106.65638930980973
0.22308    1219.4106957333752    71.94871856285893
0.18261    1038.4127215211288    65.81310297569016
0.15286    795.2066440708732    37.524584867539076
0.13806    692.8671959666464    32.69534289085622
0.2071    1282.3010562431218    109.70912620341184
0.20291    1067.4068855707046    59.44019622960845
0.19777    995.8868549318522    59.173007614227835
0.2223    1222.1373025318353    78.35796866322593
0.27307    1449.6060737478808    96.84822527527814
0.18628    1011.649334106586    53.05019304250884
0.15933    737.2758355557947    35.79270693492769
0.21911    1194.2080654596543    69.36158682728538
0.17354    991.3796501832273    58.58556059998482
0.2441    1236.0897353427088    82.4977908611236
0.13366    658.8552334570228    30.650340773560778
0.28313    1544.614117872415    96.72152726298205
0.17365    924.0170820986792    58.43519139841167
0.1963    1100.4998811825888    69.39327457783267
0.36924    2251.69726339324    148.5691245510862
0.20562    1030.765798651984    57.42351941360861
0.17371    904.5446306190009    52.76660198171312
0.12672    638.5574850788385    32.26491766571623
0.284    1566.02972068605    109.24289767175381
0.19358    1045.1051792812086    65.51519814301945
0.10036    491.3715414166954    25.224002828784254
0.37386    2295.831445365546    90.30708090300064
0.11787    589.3455382869233    30.85058286835785
0.1919    1014.6120128695835    65.61317315513331
0.23657    1267.2724687266748    85.22103206794392
0.15881    792.9211460391211    45.46982524326959
0.07877    448.2496921824952    23.13426971096778
0.13847    794.0904992216724    48.77384049359934
0.23359    1193.8506494164437    84.5177255219306
0.1567    803.4336181471401    57.304027071700986
0.08833    394.620824830837    21.111697175169255
0.12995    723.2192878327812    40.523415903653515
0.18223    927.2140418127644    53.91819194194361
0.25654    1342.672209423941    91.55927505076177
0.21651    1154.6756302359934    72.46368985781268
0.14519    761.6053742924503    49.07628141233445
0.13653    656.5835534092744    33.41767350938445
0.20493    1221.2371301653063    88.20028571376915
0.36939    2039.3417014899744    146.34617872463875
0.12924    664.3699794839946    33.27845836484816
0.26658    1467.0671748342193    99.77170292858389
0.27805    1504.2499301597513    96.41112360626457
0.17461    1002.5822235150696    60.81766031229212
0.11376    531.3981033422584    26.12833991314067
0.11229    597.2965413926722    28.226777142656694
0.15333    738.7202428859164    35.60763801633594
0.1965    1115.7836673687032    71.1536025729589
0.18914    1194.125575338108    70.8693348240944
0.17708    989.3500954339562    58.00992944871085
0.21731    1138.0988906019422    73.10085426961943
0.18542    928.0470615860459    54.84292254348615
0.16382    803.0452174617074    44.07151502645506
0.2569    1477.0323250201293    113.71567001034899
0.1218    654.8321596130285    40.552229885902946
0.16514    829.4877945376753    40.74692063619627
0.1984    1066.9400066211126    64.72166908044345
0.26828    1513.1082527747208    113.35691059874011
0.40078    2152.7817347243717    133.66380679349336
0.14566    683.3134983941447    40.14434687331176
0.05573    258.42230746528776    12.992049712440533
0.22425    1358.2821706242987    96.00212061730676
0.28622    1529.7131497715789    109.80970889690938
0.18365    1024.5425507581642    66.75086307646431
0.1036    492.20950946819863    23.929419941444074
0.33096    2023.0191786782718    177.55499185138484
0.2184    1128.2101433513287    73.53098327190851
0.26327    1279.3813041575227    89.21745054441618
0.16267    890.5534696038281    53.44761733136787
0.10689    554.2172001504422    26.688733851800652
0.16503    825.9999099997021    44.0757764575382
0.10757    560.9833867152976    28.07395919162383
0.12913    633.3736622131009    33.34495717759499
0.05948    277.6834522591965    16.14750101146147
0.04093    204.43723569718088    10.984206192401476
0.01705    74.35154543751564    6.273926158984809
0.01531    65.99484299627862    4.90307234154306
0.01472    66.5518297043939    4.568944830152822
0.02673    124.22528448932435    9.249316539684289
0.01732    74.87899382435566    5.473446284957567
0.04437    175.45671742750704    16.005482849530086
0.01567    61.113900109256925    4.336363061229372
0.02477    107.61182581698891    8.515439997670216
0.038    179.17606725219338    10.8813822735931
0.0299    140.6889537607728    7.97056384857207
0.01012    48.02750213713235    4.3855809287749965
0.0258    135.8188347056539    8.608002164522368
0.01038    51.276692013387034    4.836975481111771
0.03791    164.82382939562814    15.191162949507227
0.03507    154.96370810228964    11.980509261328866
0.01268    61.61975964948856    4.853332481368808
0.02525    116.31346670498264    7.1226610085156805
0.01908    93.47166956362055    6.076938148791662
0.03489    149.1660535991269    11.453270910769232
0.0295    147.48912529992717    8.651330093259201
0.03416    164.10809343892112    11.814433759074252
0.04067    181.36772273317527    9.414729567344489
0.07515    300.35855063856854    17.26547452333076
0.05581    222.0393769415487    12.564033752818222
0.02529    114.26678282093965    7.394694863509136
0.03501    170.45902499429758    9.802401350009827
0.02846    126.1885645234128    7.79131480045182
0.0328    169.11027664642117    9.755997226273534
0.03378    150.51854100582386    9.726836250215731
0.04597    227.216570229313    10.727235105381208
0.04341    193.32588190547312    10.765649455764404
0.05684    279.711292464184    15.498853063473081
0.02024    90.64837016590305    5.317198614653142
0.03191    165.3522085485865    9.729596782142934
0.0415    199.22324054045134    11.552864076250126
0.02639    122.07029665616818    7.865958451712366
0.02651    129.86436611095456    7.464977773432068
0.02689    118.87485494351888    6.898973531560084
0.02349    105.85710191649103    6.523791116898046
0.05067    259.68687486274774    18.898660380761495
0.04093    176.21383378764574    10.526982711983875
0.06877    341.688214984331    17.398534975898095
0.01754    78.85332302064688    4.8704906222218645
0.02557    118.07011874042146    8.135711265098985
0.02189    101.4308348356239    6.451899772742323
0.03155    133.53035389107674    8.681301033464756
0.06845    364.8127430539446    20.970487131440727
0.02249    103.26425115547529    6.616084808835677
0.04949    231.6381032017731    13.384575421492718
0.03161    149.52713082200086    8.695114802647467
0.03434    166.95137491370028    9.604535630327769
0.04486    219.33099054806502    14.946479235760611
0.01531    70.77339023944099    4.9744889128581224
0.03048    141.44578165535165    8.743120207487056
0.03837    190.73043531829026    14.543640094933926
0.03682    179.51882623645847    10.46396029617909
0.0221    113.73653676160636    7.174406337596617
0.01402    67.54761198668791    5.038658051629037
0.0589    287.3425886674871    15.081282082970867
0.05895    284.5378201182132    13.1647881486208
0.06888    343.2100527422963    23.878369221773006
0.0204    109.9866564827864    7.90293722025154
0.02894    127.45885125289995    7.725913170340479
0.02384    109.7134823606655    6.746293001705558
0.01451    75.75477279686443    5.849752495917024
0.03292    155.024378887104    8.461401126474913
0.06455    287.00535502783885    15.017314117333445
0.01663    79.94107792726881    5.532334289118326
0.05359    247.59393379833003    16.410610114090808
0.03163    139.29322706948844    7.66372809337125
0.02751    125.76505932164149    7.478425574370055
0.02559    102.39529463751005    5.937856034193675
0.02401    114.10114432578486    6.640322617110279
0.03713    162.96337109756212    8.834671311231117
0.03408    151.33870032883564    8.681957699015554
0.02454    104.71767712129734    6.1641725540884895
0.01697    76.32556010590524    5.382315161969811
0.01629    86.17275939510482    5.999320795531785
0.03184    147.38388492375708    8.231058359250754
0.037    177.73378922503176    10.417217327094566
0.02932    118.29325985888806    7.9385920590392605
0.0174    89.78214975677537    6.141018239428654
0.03578    165.3522085485865    13.41199212004204
0.02845    128.69746721218732    8.085526483478127
0.05035    228.06571346633922    17.159438496151033
0.04269    193.48620208920468    10.427010127827659
0.03212    140.35568238431608    9.251104087519508
0.02752    129.8314776633083    8.524543971100659
0.03049    143.69776056719493    9.391962050597773
0.01724    76.89179510500702    5.510785744426985
0.07063    324.97503559874184    18.396102321664323
0.05344    265.7112851935124    17.109649190826428
0.02878    132.33356124244227    7.408817496370086
0.03518    152.92905327975296    10.731400227658671
0.03348    157.05074467538307    11.020629246166298
0.04651    216.95516813037023    11.616810238748641
0.06119    305.4358427777102    16.748400340285354
0.04714    215.05522565666777    12.198553908848343
0.0212    97.57083013641481    6.458039570651654
0.04028    183.70458677596574    9.591034608032263
0.03863    187.19317049124743    10.993199726854243
0.03314    150.81689661759395    8.48530397439909
0.02414    108.66007488513061    6.461304016528968
0.02837    132.09305971449416    7.395352794661491
0.01043    48.41277757146203    4.467589693755377
0.02038    96.8077218257147    6.325039962054296
0.0471    198.07971387289666    13.197217419755699
0.03984    174.37330537420772    9.204253074584264
0.0122    61.84719392566787    4.948160203599647
0.01271    57.045317283442245    4.595510292317787
0.01763    77.10454878113194    5.5473422773336605
0.02171    100.09214583192968    6.276847528700934
0.01572    74.512648437259    6.654749966232069
0.01972    90.21733624872135    6.559315486272022
0.01678    76.80155265246073    5.633436127911954
0.01226    62.155562339916855    5.085915560245477
0.05322    260.51335982831665    15.365033675402946
0.03055    119.63823573191291    24.844256685824988
0.03001    136.35152512678476    7.552122374925996
0.01506    66.65918507505096    4.74211242870805
0.0153    68.24958265220607    4.577046331254651
0.04713    215.56586940012915    11.428237500200009
0.03411    159.58791472367338    8.43851101629391
0.0152    64.13424699197324    4.8298282858962205
0.01504    69.15602139691858    4.749321581203225
0.02763    140.2523025868863    7.616364826382187
0.03359    165.46646926744654    8.08629009450056
0.01447    67.32246357236843    5.133494708733217
0.02547    118.34502343749944    6.770106950177779
0.01082    50.31760945712594    4.274866859447385
0.01741    83.17637711026717    5.73899368668896
0.02031    91.43869094855653    5.6983842401874645
0.04819    243.71373193983646    13.666990845408748
0.02223    95.13931057729678    5.786585029973777
0.02811    147.67262673985798    8.492048782765867
0.05458    245.70839779302338    11.521040720788896
0.05721    263.56637288740694    13.281014645902195
0.02091    94.01345211570037    5.92379513888645
0.01454    79.2629076897823    6.0458068186849125
0.0431    197.40129617302367    9.715126505297938
0.03273    150.2657488463054    8.340094672192297
0.03399    148.00282327612288    7.570289649529073
0.01382    62.46978338134883    4.42681562538537
0.05092    242.14193019636787    13.651342141129916
0.01752    81.50044874672952    5.4994791304869395
0.02482    107.14946328778692    6.655257820279324
0.0288    131.31973570677454    8.229102649762815
0.01568    71.08533263712513    4.993140392430624
0.02197    94.07841674311926    6.222549692770073
0.03426    156.3219629907713    8.6582280124643
0.01698    68.22444320788814    4.895887016774
0.02752    140.34275574354052    8.668475208923166
0.03438    166.50220911306798    9.283435565490846
0.01318    64.74556126135988    5.154699083610401
0.01726    76.40468683654393    5.317511012169424
0.01209    49.63865438033312    4.376086189331087
0.05418    231.39821260661918    12.134362604324412
0.0197    97.92870241260047    7.117720540270268
0.01662    67.02549036389378    4.539718903699673
0.02398    116.08604092977414    7.231713418667349
0.03144    145.8109031559725    8.109630615732142
0.01291    54.70915411627208    4.324154643829864
0.03827    199.26453038035146    11.022927247452104
0.01532    77.57468129139001    5.861653850171676
0.02643    121.24672034114018    7.958089112950906
0.0202    80.27309353859778    5.60707478094012
0.0373    183.62000716403108    9.73039692823655
0.02348    107.77797015071825    6.897829967494923
0.01635    75.26966792214127    5.262785933021628
0.02275    101.61550972173634    6.377059139729578
0.23027    1266.9515290764116    85.46205069015056
0.38164    2543.0213129854174    164.97980462079857
0.2534    1313.07641269118    68.01009686484093
0.15269    771.6671275150688    41.17655147443911
0.43673    2945.031877350307    192.41692669206614
0.10242    537.9352452837709    26.685149297398812
0.37164    2115.8749648585035    103.74319033823186
0.46664    2860.4871424239623    153.42757699486555
0.19602    1000.6218912693504    50.23662229993424
0.31156    1771.4952819185205    88.32666618169334
0.0322    156.45880180405547    9.28916871790119
0.10989    573.4426623886862    31.919831372299257
0.22562    1108.1536978184877    63.419137456988025
0.26051    1398.073487482391    78.98079231821285
0.22556    1181.8980061522768    66.85013681662312
0.44758    2629.117524558322    184.55206144808224
0.44007    2957.3995332767076    230.54866458586235
0.33742    1770.4758207140749    119.10102385920285
0.52851    2940.6274029930505    193.88994434733246
0.57613    3525.1694681674326    235.679047229054
0.38775    2386.82182301606    174.63494541755819
0.36001    1929.7897707296559    118.66296598114361
0.34701    1812.3413527794764    117.24266378482234
0.43927    2589.5839816852053    157.44463441927513
0.34923    1868.529677255855    99.61963205157342
0.43015    2563.7755412788088    148.14077054556827
0.50818    2856.669513481214    185.98578257750034
0.28845    1572.2441953167258    90.9564649511782
0.17281    995.520024232478    59.9765772295215
0.31774    1852.4222977948882    129.7756305464139
0.27509    1590.120366044682    101.21898469094494
0.10293    479.523615393517    27.222052146093795
0.20584    1025.1324946425    74.4385506616477
0.2646    1409.2238997686545    90.15839657162512
0.23466    1182.714714419968    106.30960126467753
0.21434    1113.8071461967143    88.98324468330193
0.42784    3213.882538113328    252.61563479243554
0.40214    2242.4357058993455    153.89701703444854
0.32218    1620.1305075846067    104.65905367903414
0.45173    2784.1331411108226    159.84763549577713
0.16139    821.7316222254609    45.475523661425235
0.35161    2050.8315971860798    109.3861892982806
0.249    1274.7646156040091    68.02209001858388
0.08223    403.54316884891904    22.73214359083262
0.10588    528.8591224134723    24.395790055132082
0.33293    2042.490287304481    135.2358350352888
0.10227    513.5940691847103    26.163693966272422
0.29282    1577.320689728199    98.15202919895803
0.13269    642.0221327828957    29.3941101993643
0.27088    1395.8861557887546    77.15341960275605
0.10044    520.1636504588893    26.198879718839198
0.35363    2133.8309007090993    143.05272774773525
0.42353    2629.0569875870924    321.5055386721342
0.30012    1746.5056703805685    96.00997508061954
0.14761    754.2060294120299    39.48056632077712
0.22853    1238.939216468319    73.58601423042944
0.1388    731.8296484808461    36.13505490887777
0.14343    751.6402009741707    37.44212229090523
0.09201    490.84005940786636    25.750618082275686
0.1568    840.9690251226542    48.59309927127399
0.23851    1377.5583386929427    156.78578292516664
0.14949    851.7457985919152    65.41837864814198
0.50718    3153.116375332093    203.90648650790587
0.25249    1385.1920807836166    72.25570525031176
0.28397    1456.3306842377656    76.87206564812622
0.2368    1271.9791719312943    72.70691457801186
0.34092    1894.8289000792856    129.60459141941305
0.26388    1296.5820353826284    84.68376620350844
0.34872    2104.94135199125    129.09371663272265
0.32095    1749.725817672431    100.33750209668025
0.13523    726.9256609395092    40.71435026653453
0.30666    1889.4264903184055    141.592903202395
0.23362    1387.043239748248    102.15565138486406
0.30078    1921.6310167690956    150.82159317358327
0.36783    1986.4608032596727    112.95228678640449
0.1694    893.4700518413398    47.07929579245706
0.07976    369.3175960479871    17.546607680900348
0.1806    949.0301284375959    49.91947825148433
0.18071    931.858562208125    70.4984083289405
0.23086    1278.2917911341601    90.5251093456956
0.04582    228.30214925865232    13.070887064602934
0.22146    1140.407329773336    62.875012446403744
0.20073    1012.6981112691758    98.63058819819564
0.0755    376.35700169367306    20.741331685369662
0.02627    124.95970751218734    7.839187302351457
0.19141    814.7042840208396    58.220470868082806
0.1777    935.4918321616608    47.54843980656548
0.18542    1017.2319678678833    54.77198049035381
0.34931    2022.3205732595522    128.59093217678443
0.27131    1451.743867000401    72.11640733139049
0.29212    1364.8030991305277    77.06983049453729
0.37051    1815.0140865554945    95.09448679042364
0.09641    461.6363515404674    31.458564635715835
0.18058    901.6541792005728    46.38922389877385
0.27446    1495.1335949850684    105.02042641214368
0.2451    1418.3388535788322    94.1386388256069
0.36135    1912.669797130342    179.36665426245673
0.23152    1214.4230454462447    83.84855188440778
0.14648    762.4475970033492    38.963794144792445
0.15948    864.9878356273521    70.7183779834676
0.41929    2464.109482512548    169.16710376052887
0.31894    1710.7635953582837    123.4367085882503
0.51941    3127.4472984436175    282.4104613412567
0.15069    771.7915155850127    39.10358892863025
0.30249    1669.9366644155034    121.7215999724128
0.21073    1116.1691119547193    83.43964610843759
0.23943    1106.0888132887276    75.29885419383643
0.3318    1784.9251134445044    98.69748769566726
0.20072    1109.0981988268165    82.09369630200682
0.36082    2149.9086150602366    140.76374013595228
0.24275    1472.8550223336954    82.28955892470098
0.22146    1159.7115967722864    79.67043553374495
0.12068    593.9638313604271    52.41787832283579
0.3416    1893.2588691720662    147.59192969755563
0.25051    1274.5591643817997    77.28670586419193
0.38054    2141.410855878584    128.9138329164502
0.31079    1834.2984538929816    116.9733408056472
0.1994    953.5862933874447    62.12793022056066
0.24001    1314.2560956621815    99.45840656386672
0.50275    3014.185664518529    289.53703840645727
0.37013    2089.632912743526    130.70545208299293
0.27001    1491.0424225368988    94.25975069036302
0.26312    1507.30104416313    91.1567136416239
0.26801    1396.2076074612116    107.49303239103737
0.30801    1951.4166222113433    106.24081904972238
0.25001    1497.4764458579475    112.08236828135273
0.28051    1498.7872846924338    76.31724434905797
0.3148    1909.061854646568    109.78233919773864
0.3284    2121.19209512781    161.94124384688033
0.32944    1983.2615856936368    108.65966956376967
0.25848    1342.1776418099855    87.07445902302013
0.22448    1080.4881295427226    76.56696527510611
0.21079    1213.8359617935237    68.82432909665815
0.38734    2284.9673563290908    194.96746739123947
0.30642    1727.8259805078628    118.81841134065289
0.36491    2194.3201946290014    143.8231623582426
0.2488    1338.2584676378717    98.37773529096299
0.2988    1508.9331509390738    114.15614958122679
0.12365    652.8599087762208    32.566597772286045
0.33159    1793.8247011517155    115.75561559480226
0.38246    2173.651924395702    182.61597553110283
0.24074    1337.3035577469898    72.65272010546018
0.17144    906.6924512771448    72.31134333053649
0.2088    1179.7772030511946    87.56977694274501
0.2896    1749.8466886246601    132.9060005503075
0.24599    1346.8523860454773    75.62190947862945
0.13659    711.6885848439897    40.33625293614338
0.15062    743.258697577787    39.729132155907344
0.1187    566.9307323582001    32.48435993832886
0.24494    1290.0602686114391    73.50275767766445
0.3507    1960.9205597005378    96.86820105084277
0.61992    3950.7541047547866    210.35932457914632
0.21986    1164.9036337842238    58.08203693529971
0.09929    545.2303215759185    27.53674289282423
0.40996    2473.7738823050863    234.09389040147852
0.50276    2903.0198137677926    278.3906588393049
0.38171    2306.6940745146658    151.93225057316806
0.27989    1443.3777291815086    75.55676823123298
0.23071    1121.2178417553744    78.78184467855576
0.42693    2581.5467843413094    193.46013503075966
0.55014    3371.4754373351116    222.9190227329671
0.32531    1965.7577656262908    127.71062318683558
0.35092    1997.5147734357647    118.04309558589102
0.32832    1970.1078432849688    164.7442201636266
0.45059    2455.048069681831    148.81264054184138
0.06441    331.0930007978287    16.546405824171572
0.06559    303.745603115067    17.732987242740883
0.31811    1829.4477065335643    105.03552643889971
0.14539    893.3466229183589    70.9383683585922
0.13947    717.7612363837857    37.324833196508166
0.42967    2825.075117451208    198.69775978226863
0.21641    1045.081115122193    55.621651985801336
0.36616    1893.8692821046295    160.59341082521397
0.38083    2194.11809957719    139.66641209913809
0.42086    2484.1052918555215    185.87186188728472
0.19958    1052.8099966356078    74.1691693066827
0.5109    2911.521490051101    232.0681484488498
0.42696    2653.2611623768244    186.91898537821754
0.31579    1935.7086911287176    135.69960580097765
0.57824    3597.8247081992663    269.12246904088494
0.48176    3186.5445897506847    226.24941382373737
0.39267    2176.2560927571944    159.17850874424545
0.17359    827.2751899576947    41.26695175515588
0.33059    1993.7926928599877    105.88470742240008
0.29948    1740.5640128742843    129.3949907908451
0.22943    1234.9517787522473    80.26033116928252
0.29291    1617.5212690984406    127.2511746501835
0.20861    1043.7344061740137    54.203893608792896
0.27509    1436.746010911821    76.86402944650813
0.30337    1712.5765775603852    93.5926353532248
0.35902    2183.5844857197585    134.9728596952423
0.3602    1879.4899162501629    138.85716609014193
0.34902    1978.472417456019    111.45008156723365
0.63056    3659.1482058711044    198.79336212447802
0.32092    2012.9825030753225    143.6665008550107
0.51002    2946.7955137073795    160.43215240912977
0.36646    2001.428132373674    114.58692426297436
0.13823    722.5701225133485    34.546279876997495
0.1792    1021.762595350548    70.19354743906368
0.17157    879.0225168308842    46.905089799579564
0.27047    1403.201369868361    80.2722672294018
0.34688    2220.802818736688    259.101020445953
0.47942    2646.183761312675    178.31515677938845
0.31894    1920.3482766007212    121.17820101971404
0.51879    3101.4158353677835    216.84814190634688
0.3799    2169.851436651184    130.52602446683252
0.37089    2126.2288175266694    258.30118699679673
0.18152    988.0979539411286    57.23107813634944
0.22374    1122.5611295178123    63.20956497728431
0.14135    738.6522073703495    44.99451908803005
0.30567    1725.7186794496135    95.50315275410222
0.40471    2116.459683494979    149.78437038796304
0.28578    1539.7492456716056    96.31051464715118
0.30156    1648.8456392546077    102.48889777941872
0.26388    1400.8124726708124    83.58750283737243
0.50091    3121.332253071646    282.2176903006303
0.30525    1692.7389988939383    88.02537330834286
0.38598    2272.427310095937    131.8816823978038
0.1986    1068.6610973918466    60.19915436839712
0.09121    448.34259378361    22.777677836249403
0.47796    3056.469032725645    232.14780905446892
0.33159    1845.8652758512958    99.26149750216722
0.47175    2766.495703050167    191.137188123736
0.33081    1796.883827826458    129.07118957655635
0.26088    1484.020840845341    97.23356489948102
0.07141    340.00867672483014    18.667673182735246
0.18141    966.4958643142144    70.91526161992815
0.33829    1917.0348145110681    133.33092157013348
0.12211    595.2919366708801    31.518309020218318
0.25012    1326.4778427465214    87.4611706489292
0.16046    855.9925798051565    65.8431204371286
0.29843    1990.5358328938712    147.10710710303064
0.38887    2106.735434556997    136.77257198607248
0.29245    1562.2121097879901    118.65460264200063
0.32841    1710.409106002735    135.85859918207706
0.30549    1737.4007313857674    106.47283366338965
0.28546    1560.5942412784761    100.27395420083482
0.42886    2487.9405582446516    168.56857144785326
0.17967    991.2883449478934    77.57420124494163
0.18959    1000.1151358822774    73.934811569774
0.24849    1374.2001765475927    93.07626822378559
0.40927    2489.9464095932703    218.42126128146188
0.24146    1178.555394326826    70.65096629369572
0.33748    1887.2090043023825    144.51255770220388
0.0706    395.24829029206336    54.56989591193019
0.34546    1958.213318357624    146.65756665121583
0.3306    1983.3985892823994    142.65136188339534
0.05495    263.2509820601458    14.126021372249218
0.42359    2375.253682077572    155.90096305000247
0.1072    548.2643405225352    28.05614468768392
0.2854    1397.3332713775364    79.26078144568814
0.32553    1922.4276312502504    122.54907110641496
0.33493    1774.8023700639112    92.29281139944729
0.2909    1449.4058171012682    106.51499275338446
0.44058    2425.2694712490406    152.98398527272835
0.24111    1312.532300825432    67.58895583358968
0.46101    2818.837237532897    213.38487953471764
0.11944    584.7227615734397    33.53075134560042
0.54539    3705.356511139004    249.5176699602774
0.41155    2641.070534678302    156.80389667836724
0.26848    1473.838849237571    97.99202261095641
0.04976    234.71994784577663    14.622149078992678
0.41131    2608.194651569207    184.8253061344907
0.07369    352.4520167758635    25.42234987196236
0.31841    2071.6672473990666    201.19516461595134
0.4193    2149.1661911504375    150.4657040418715
0.42028    2500.5180854007426    268.4702746846042
0.43885    2469.27807343464    218.2004978577135
0.4804    2739.8702705274873    217.37678647770446
0.1998    1078.3258093003965    67.52322017248352
0.30143    1830.0796845186317    121.80406453860121
0.2902    1542.552663557759    98.29764135808126
0.3092    1650.2509825494255    111.12743909460319
0.2956    1761.2459197680064    99.78127408935268
0.33848    1890.9062616758472    121.10579552498385
0.3786    2203.484500541385    148.48352178689169
0.0896    441.3773064344951    23.755416561114664
0.4507    2702.2156195817133    192.6081196002024
0.4604    2885.4928333757616    195.70379036053595
1.206    11165.289803657213    1723.8439284908243
1.33    10487.693820479748    716.865755219005
1.54    12062.57426062602    1170.3759720412013
1.55    12630.193378301115    1080.0127615539461
1.7    12937.19129900583    1687.5520724496146
1.8    13810.837012349468    1195.6009836665805
2.26    18853.847936139424    2212.7041851715067
1.914    13557.51207774384    1597.9905971239555
1.3    10093.226052041868    830.998010623224
1.34    9841.017407071002    739.7484912081346
1.02    7524.367518888895    574.2704136434771
0.735    4377.3371701004135    270.17100107346556
1.12    8180.5028447048435    621.3332417336962
1.23    9062.123990047878    799.5324410452648
1.23    9993.094630025895    786.3916921988891
0.854    5788.419527963466    572.021631719133
1.37    10073.490936029355    752.5836578569166
0.9752    6937.771628255267    446.89593503461646
0.97    8377.028635317254    1009.9517451825507
0.74    4665.734263965706    270.8861393099072
1.39    9388.79810130757    870.3016815992811
1.305    8970.982304103658    971.028095578484
0.935    5666.566633124568    432.7414140238078
1.014    7428.309666011504    783.8609379089783
1.315    10196.943196236258    933.2366815902417
1.092    6724.654871301325    817.8621417041331
